dateymd,state,confirmed,deceased,recovered,confirmed_prev,confirmed_diff,confirmed_perc,confirmed_cum,confirmed_cum_prev,confirmed_cum_diff,confirmed_cum_perc,deceased_prev,deceased_diff,deceased_perc,deceased_cum,deceased_cum_prev,deceased_cum_diff,deceased_cum_perc,recovered_prev,recovered_diff,recovered_perc,recovered_cum,recovered_cum_prev,recovered_cum_diff,recovered_cum_perc,active,active_cum,active_prev,active_diff,active_perc,active_cum_prev,active_cum_diff,active_cum_perc
2020-03-14,India,81,2,9,0,81,0.0,81,0,81,0.0,0,2,0.0,2,0,2,0.0,0,9,0.0,9,0,9,0.0,70,70,0,70,0.0,0,70,0.0
2020-03-15,India,27,0,4,81,-54,-66.67,108,81,27,33.33,2,-2,-100.0,2,2,0,0.0,9,-5,-55.56,13,9,4,44.44,23,93,70,-47,-67.14,70,23,32.86
2020-03-16,India,15,0,1,27,-12,-44.44,123,108,15,13.89,0,0,0.0,2,2,0,0.0,4,-3,-75.0,14,13,1,7.69,14,107,23,-9,-39.13,93,14,15.05
2020-03-17,India,11,1,1,15,-4,-26.67,134,123,11,8.94,0,1,0.0,3,2,1,50.0,1,0,0.0,15,14,1,7.14,9,116,14,-5,-35.71,107,9,8.41
2020-03-18,India,37,0,0,11,26,236.36,171,134,37,27.61,1,-1,-100.0,3,3,0,0.0,1,-1,-100.0,15,15,0,0.0,37,153,9,28,311.11,116,37,31.9
2020-03-19,India,27,1,5,37,-10,-27.03,198,171,27,15.79,0,1,0.0,4,3,1,33.33,0,5,0.0,20,15,5,33.33,21,174,37,-16,-43.24,153,21,13.73
2020-03-20,India,58,0,3,27,31,114.81,256,198,58,29.29,1,-1,-100.0,4,4,0,0.0,5,-2,-40.0,23,20,3,15.0,55,229,21,34,161.9,174,55,31.61
2020-03-21,India,78,0,0,58,20,34.48,334,256,78,30.47,0,0,0.0,4,4,0,0.0,3,-3,-100.0,23,23,0,0.0,78,307,55,23,41.82,229,78,34.06
2020-03-22,India,67,3,0,78,-11,-14.1,401,334,67,20.06,0,3,0.0,7,4,3,75.0,0,0,0.0,23,23,0,0.0,64,371,78,-14,-17.95,307,64,20.85
2020-03-23,India,102,2,12,67,35,52.24,503,401,102,25.44,3,-1,-33.33,9,7,2,28.57,0,12,0.0,35,23,12,52.17,88,459,64,24,37.5,371,88,23.72
2020-03-24,India,64,1,5,102,-38,-37.25,567,503,64,12.72,2,-1,-50.0,10,9,1,11.11,12,-7,-58.33,40,35,5,14.29,58,517,88,-30,-34.09,459,58,12.64
2020-03-25,India,90,1,3,64,26,40.62,657,567,90,15.87,1,0,0.0,11,10,1,10.0,5,-2,-40.0,43,40,3,7.5,86,603,58,28,48.28,517,86,16.63
2020-03-26,India,65,5,7,90,-25,-27.78,722,657,65,9.89,1,4,400.0,16,11,5,45.45,3,4,133.33,50,43,7,16.28,53,656,86,-33,-38.37,603,53,8.79
2020-03-27,India,164,3,26,65,99,152.31,886,722,164,22.71,5,-2,-40.0,19,16,3,18.75,7,19,271.43,76,50,26,52.0,135,791,53,82,154.72,656,135,20.58
2020-03-28,India,143,5,9,164,-21,-12.8,1029,886,143,16.14,3,2,66.67,24,19,5,26.32,26,-17,-65.38,85,76,9,11.84,129,920,135,-6,-4.44,791,129,16.31
2020-03-29,India,110,3,5,143,-33,-23.08,1139,1029,110,10.69,5,-2,-40.0,27,24,3,12.5,9,-4,-44.44,90,85,5,5.88,102,1022,129,-27,-20.93,920,102,11.09
2020-03-30,India,187,13,49,110,77,70.0,1326,1139,187,16.42,3,10,333.33,40,27,13,48.15,5,44,880.0,139,90,49,54.44,125,1147,102,23,22.55,1022,125,12.23
2020-03-31,India,309,6,15,187,122,65.24,1635,1326,309,23.3,13,-7,-53.85,46,40,6,15.0,49,-34,-69.39,154,139,15,10.79,288,1435,125,163,130.4,1147,288,25.11
2020-04-01,India,424,9,16,309,115,37.22,2059,1635,424,25.93,6,3,50.0,55,46,9,19.57,15,1,6.67,170,154,16,10.39,399,1834,288,111,38.54,1435,399,27.8
2020-04-02,India,486,14,22,424,62,14.62,2545,2059,486,23.6,9,5,55.56,69,55,14,25.45,16,6,37.5,192,170,22,12.94,450,2284,399,51,12.78,1834,450,24.54
2020-04-03,India,560,14,38,486,74,15.23,3105,2545,560,22.0,14,0,0.0,83,69,14,20.29,22,16,72.73,230,192,38,19.79,508,2792,450,58,12.89,2284,508,22.24
2020-04-04,India,579,13,56,560,19,3.39,3684,3105,579,18.65,14,-1,-7.14,96,83,13,15.66,38,18,47.37,286,230,56,24.35,510,3302,508,2,0.39,2792,510,18.27
2020-04-05,India,609,22,43,579,30,5.18,4293,3684,609,16.53,13,9,69.23,118,96,22,22.92,56,-13,-23.21,329,286,43,15.03,544,3846,510,34,6.67,3302,544,16.47
2020-04-06,India,484,16,65,609,-125,-20.53,4777,4293,484,11.27,22,-6,-27.27,134,118,16,13.56,43,22,51.16,394,329,65,19.76,403,4249,544,-141,-25.92,3846,403,10.48
2020-04-07,India,572,27,75,484,88,18.18,5349,4777,572,11.97,16,11,68.75,161,134,27,20.15,65,10,15.38,469,394,75,19.04,470,4719,403,67,16.63,4249,470,11.06
2020-04-08,India,565,20,96,572,-7,-1.22,5914,5349,565,10.56,27,-7,-25.93,181,161,20,12.42,75,21,28.0,565,469,96,20.47,449,5168,470,-21,-4.47,4719,449,9.51
2020-04-09,India,813,46,70,565,248,43.89,6727,5914,813,13.75,20,26,130.0,227,181,46,25.41,96,-26,-27.08,635,565,70,12.39,697,5865,449,248,55.23,5168,697,13.49
2020-04-10,India,871,22,151,813,58,7.13,7598,6727,871,12.95,46,-24,-52.17,249,227,22,9.69,70,81,115.71,786,635,151,23.78,698,6563,697,1,0.14,5865,698,11.9
2020-04-11,India,854,40,186,871,-17,-1.95,8452,7598,854,11.24,22,18,81.82,289,249,40,16.06,151,35,23.18,972,786,186,23.66,628,7191,698,-70,-10.03,6563,628,9.57
2020-04-12,India,758,42,114,854,-96,-11.24,9210,8452,758,8.97,40,2,5.0,331,289,42,14.53,186,-72,-38.71,1086,972,114,11.73,602,7793,628,-26,-4.14,7191,602,8.37
2020-04-13,India,1243,27,112,758,485,63.98,10453,9210,1243,13.5,42,-15,-35.71,358,331,27,8.16,114,-2,-1.75,1198,1086,112,10.31,1104,8897,602,502,83.39,7793,1104,14.17
2020-04-14,India,1031,37,167,1243,-212,-17.06,11484,10453,1031,9.86,27,10,37.04,395,358,37,10.34,112,55,49.11,1365,1198,167,13.94,827,9724,1104,-277,-25.09,8897,827,9.3
2020-04-15,India,886,27,144,1031,-145,-14.06,12370,11484,886,7.72,37,-10,-27.03,422,395,27,6.84,167,-23,-13.77,1509,1365,144,10.55,715,10439,827,-112,-13.54,9724,715,7.35
2020-04-16,India,1061,26,258,886,175,19.75,13431,12370,1061,8.58,27,-1,-3.7,448,422,26,6.16,144,114,79.17,1767,1509,258,17.1,777,11216,715,62,8.67,10439,777,7.44
2020-04-17,India,922,38,273,1061,-139,-13.1,14353,13431,922,6.86,26,12,46.15,486,448,38,8.48,258,15,5.81,2040,1767,273,15.45,611,11827,777,-166,-21.36,11216,611,5.45
2020-04-18,India,1371,35,426,922,449,48.7,15724,14353,1371,9.55,38,-3,-7.89,521,486,35,7.2,273,153,56.04,2466,2040,426,20.88,910,12737,611,299,48.94,11827,910,7.69
2020-04-19,India,1580,38,388,1371,209,15.24,17304,15724,1580,10.05,35,3,8.57,559,521,38,7.29,426,-38,-8.92,2854,2466,388,15.73,1154,13891,910,244,26.81,12737,1154,9.06
2020-04-20,India,1239,33,419,1580,-341,-21.58,18543,17304,1239,7.16,38,-5,-13.16,592,559,33,5.9,388,31,7.99,3273,2854,419,14.68,787,14678,1154,-367,-31.8,13891,787,5.67
2020-04-21,India,1537,53,703,1239,298,24.05,20080,18543,1537,8.29,33,20,60.61,645,592,53,8.95,419,284,67.78,3976,3273,703,21.48,781,15459,787,-6,-0.76,14678,781,5.32
2020-04-22,India,1292,36,394,1537,-245,-15.94,21372,20080,1292,6.43,53,-17,-32.08,681,645,36,5.58,703,-309,-43.95,4370,3976,394,9.91,862,16321,781,81,10.37,15459,862,5.58
2020-04-23,India,1667,40,642,1292,375,29.02,23039,21372,1667,7.8,36,4,11.11,721,681,40,5.87,394,248,62.94,5012,4370,642,14.69,985,17306,862,123,14.27,16321,985,6.04
2020-04-24,India,1408,59,484,1667,-259,-15.54,24447,23039,1408,6.11,40,19,47.5,780,721,59,8.18,642,-158,-24.61,5496,5012,484,9.66,865,18171,985,-120,-12.18,17306,865,5.0
2020-04-25,India,1835,44,442,1408,427,30.33,26282,24447,1835,7.51,59,-15,-25.42,824,780,44,5.64,484,-42,-8.68,5938,5496,442,8.04,1349,19520,865,484,55.95,18171,1349,7.42
2020-04-26,India,1607,56,585,1835,-228,-12.43,27889,26282,1607,6.11,44,12,27.27,880,824,56,6.8,442,143,32.35,6523,5938,585,9.85,966,20486,1349,-383,-28.39,19520,966,4.95
2020-04-27,India,1568,58,580,1607,-39,-2.43,29457,27889,1568,5.62,56,2,3.57,938,880,58,6.59,585,-5,-0.85,7103,6523,580,8.89,930,21416,966,-36,-3.73,20486,930,4.54
2020-04-28,India,1902,69,636,1568,334,21.3,31359,29457,1902,6.46,58,11,18.97,1007,938,69,7.36,580,56,9.66,7739,7103,636,8.95,1197,22613,930,267,28.71,21416,1197,5.59
2020-04-29,India,1705,71,690,1902,-197,-10.36,33064,31359,1705,5.44,69,2,2.9,1078,1007,71,7.05,636,54,8.49,8429,7739,690,8.92,944,23557,1197,-253,-21.14,22613,944,4.17
2020-04-30,India,1802,75,630,1705,97,5.69,34866,33064,1802,5.45,71,4,5.63,1153,1078,75,6.96,690,-60,-8.7,9059,8429,630,7.47,1097,24654,944,153,16.21,23557,1097,4.66
2020-05-01,India,2396,77,962,1802,594,32.96,37262,34866,2396,6.87,75,2,2.67,1230,1153,77,6.68,630,332,52.7,10021,9059,962,10.62,1357,26011,1097,260,23.7,24654,1357,5.5
2020-05-02,India,2564,92,831,2396,168,7.01,39826,37262,2564,6.88,77,15,19.48,1322,1230,92,7.48,962,-131,-13.62,10852,10021,831,8.29,1641,27652,1357,284,20.93,26011,1641,6.31
2020-05-03,India,2952,140,911,2564,388,15.13,42778,39826,2952,7.41,92,48,52.17,1462,1322,140,10.59,831,80,9.63,11763,10852,911,8.39,1901,29553,1641,260,15.84,27652,1901,6.87
2020-05-04,India,3656,103,1082,2952,704,23.85,46434,42778,3656,8.55,140,-37,-26.43,1565,1462,103,7.05,911,171,18.77,12845,11763,1082,9.2,2471,32024,1901,570,29.98,29553,2471,8.36
2020-05-05,India,2971,128,1295,3656,-685,-18.74,49405,46434,2971,6.4,103,25,24.27,1693,1565,128,8.18,1082,213,19.69,14140,12845,1295,10.08,1548,33572,2471,-923,-37.35,32024,1548,4.83
2020-05-06,India,3602,91,1161,2971,631,21.24,53007,49405,3602,7.29,128,-37,-28.91,1784,1693,91,5.38,1295,-134,-10.35,15301,14140,1161,8.21,2350,35922,1548,802,51.81,33572,2350,7.0
2020-05-07,India,3344,104,1475,3602,-258,-7.16,56351,53007,3344,6.31,91,13,14.29,1888,1784,104,5.83,1161,314,27.05,16776,15301,1475,9.64,1765,37687,2350,-585,-24.89,35922,1765,4.91
2020-05-08,India,3339,97,1111,3344,-5,-0.15,59690,56351,3339,5.93,104,-7,-6.73,1985,1888,97,5.14,1475,-364,-24.68,17887,16776,1111,6.62,2131,39818,1765,366,20.74,37687,2131,5.65
2020-05-09,India,3175,115,1414,3339,-164,-4.91,62865,59690,3175,5.32,97,18,18.56,2100,1985,115,5.79,1111,303,27.27,19301,17887,1414,7.91,1646,41464,2131,-485,-22.76,39818,1646,4.13
2020-05-10,India,4311,112,1669,3175,1136,35.78,67176,62865,4311,6.86,115,-3,-2.61,2212,2100,112,5.33,1414,255,18.03,20970,19301,1669,8.65,2530,43994,1646,884,53.71,41464,2530,6.1
2020-05-11,India,3592,81,1579,4311,-719,-16.68,70768,67176,3592,5.35,112,-31,-27.68,2293,2212,81,3.66,1669,-90,-5.39,22549,20970,1579,7.53,1932,45926,2530,-598,-23.64,43994,1932,4.39
2020-05-12,India,3562,120,1905,3592,-30,-0.84,74330,70768,3562,5.03,81,39,48.15,2413,2293,120,5.23,1579,326,20.65,24454,22549,1905,8.45,1537,47463,1932,-395,-20.45,45926,1537,3.35
2020-05-13,India,3726,137,1963,3562,164,4.6,78056,74330,3726,5.01,120,17,14.17,2550,2413,137,5.68,1905,58,3.04,26417,24454,1963,8.03,1626,49089,1537,89,5.79,47463,1626,3.43
2020-05-14,India,3991,97,1594,3726,265,7.11,82047,78056,3991,5.11,137,-40,-29.2,2647,2550,97,3.8,1963,-369,-18.8,28011,26417,1594,6.03,2300,51389,1626,674,41.45,49089,2300,4.69
2020-05-15,India,3808,104,2234,3991,-183,-4.59,85855,82047,3808,4.64,97,7,7.22,2751,2647,104,3.93,1594,640,40.15,30245,28011,2234,7.98,1470,52859,2300,-830,-36.09,51389,1470,2.86
2020-05-16,India,4794,120,4012,3808,986,25.89,90649,85855,4794,5.58,104,16,15.38,2871,2751,120,4.36,2234,1778,79.59,34257,30245,4012,13.27,662,53521,1470,-808,-54.97,52859,662,1.25
2020-05-17,India,5049,152,2538,4794,255,5.32,95698,90649,5049,5.57,120,32,26.67,3023,2871,152,5.29,4012,-1474,-36.74,36795,34257,2538,7.41,2359,55880,662,1697,256.34,53521,2359,4.41
2020-05-18,India,4628,131,2482,5049,-421,-8.34,100326,95698,4628,4.84,152,-21,-13.82,3154,3023,131,4.33,2538,-56,-2.21,39277,36795,2482,6.75,2015,57895,2359,-344,-14.58,55880,2015,3.61
2020-05-19,India,6154,146,3032,4628,1526,32.97,106480,100326,6154,6.13,131,15,11.45,3300,3154,146,4.63,2482,550,22.16,42309,39277,3032,7.72,2976,60871,2015,961,47.69,57895,2976,5.14
2020-05-20,India,5720,134,3113,6154,-434,-7.05,112200,106480,5720,5.37,146,-12,-8.22,3434,3300,134,4.06,3032,81,2.67,45422,42309,3113,7.36,2473,63344,2976,-503,-16.9,60871,2473,4.06
2020-05-21,India,6023,148,3131,5720,303,5.3,118223,112200,6023,5.37,134,14,10.45,3582,3434,148,4.31,3113,18,0.58,48553,45422,3131,6.89,2744,66088,2473,271,10.96,63344,2744,4.33
2020-05-22,India,6536,142,3280,6023,513,8.52,124759,118223,6536,5.53,148,-6,-4.05,3724,3582,142,3.96,3131,149,4.76,51833,48553,3280,6.76,3114,69202,2744,370,13.48,66088,3114,4.71
2020-05-23,India,6663,142,2576,6536,127,1.94,131422,124759,6663,5.34,142,0,0.0,3866,3724,142,3.81,3280,-704,-21.46,54409,51833,2576,4.97,3945,73147,3114,831,26.69,69202,3945,5.7
2020-05-24,India,7111,156,3285,6663,448,6.72,138533,131422,7111,5.41,142,14,9.86,4022,3866,156,4.04,2576,709,27.52,57694,54409,3285,6.04,3670,76817,3945,-275,-6.97,73147,3670,5.02
2020-05-25,India,6414,150,3012,7111,-697,-9.8,144947,138533,6414,4.63,156,-6,-3.85,4172,4022,150,3.73,3285,-273,-8.31,60706,57694,3012,5.22,3252,80069,3670,-418,-11.39,76817,3252,4.23
2020-05-26,India,5907,173,3585,6414,-507,-7.9,150854,144947,5907,4.08,150,23,15.33,4345,4172,173,4.15,3012,573,19.02,64291,60706,3585,5.91,2149,82218,3252,-1103,-33.92,80069,2149,2.68
2020-05-27,India,7246,188,3434,5907,1339,22.67,158100,150854,7246,4.8,173,15,8.67,4533,4345,188,4.33,3585,-151,-4.21,67725,64291,3434,5.34,3624,85842,2149,1475,68.64,82218,3624,4.41
2020-05-28,India,7254,176,3171,7246,8,0.11,165354,158100,7254,4.59,188,-12,-6.38,4709,4533,176,3.88,3434,-263,-7.66,70896,67725,3171,4.68,3907,89749,3624,283,7.81,85842,3907,4.55
2020-05-29,India,8138,269,11735,7254,884,12.19,173492,165354,8138,4.92,176,93,52.84,4978,4709,269,5.71,3171,8564,270.07,82631,70896,11735,16.55,-3866,85883,3907,-7773,-198.95,89749,-3866,-4.31
2020-05-30,India,8364,205,4303,8138,226,2.78,181856,173492,8364,4.82,269,-64,-23.79,5183,4978,205,4.12,11735,-7432,-63.33,86934,82631,4303,5.21,3856,89739,-3866,7722,0.0,85883,3856,4.49
2020-05-31,India,8789,222,4928,8364,425,5.08,190645,181856,8789,4.83,205,17,8.29,5405,5183,222,4.28,4303,625,14.52,91862,86934,4928,5.67,3639,93378,3856,-217,-5.63,89739,3639,4.06
2020-06-01,India,7723,201,3882,8789,-1066,-12.13,198368,190645,7723,4.05,222,-21,-9.46,5606,5405,201,3.72,4928,-1046,-21.23,95744,91862,3882,4.23,3640,97018,3639,1,0.03,93378,3640,3.9
2020-06-02,India,8812,222,4531,7723,1089,14.1,207180,198368,8812,4.44,201,21,10.45,5828,5606,222,3.96,3882,649,16.72,100275,95744,4531,4.73,4059,101077,3640,419,11.51,97018,4059,4.18
2020-06-03,India,9689,259,3789,8812,877,9.95,216869,207180,9689,4.68,222,37,16.67,6087,5828,259,4.44,4531,-742,-16.38,104064,100275,3789,3.78,5641,106718,4059,1582,38.98,101077,5641,5.58
2020-06-04,India,9847,274,4390,9689,158,1.63,226716,216869,9847,4.54,259,15,5.79,6361,6087,274,4.5,3789,601,15.86,108454,104064,4390,4.22,5183,111901,5641,-458,-8.12,106718,5183,4.86
2020-06-05,India,9472,286,4770,9847,-375,-3.81,236188,226716,9472,4.18,274,12,4.38,6647,6361,286,4.5,4390,380,8.66,113224,108454,4770,4.4,4416,116317,5183,-767,-14.8,111901,4416,3.95
2020-06-06,India,10408,297,5433,9472,936,9.88,246596,236188,10408,4.41,286,11,3.85,6944,6647,297,4.47,4770,663,13.9,118657,113224,5433,4.8,4678,120995,4416,262,5.93,116317,4678,4.02
2020-06-07,India,10882,261,5191,10408,474,4.55,257478,246596,10882,4.41,297,-36,-12.12,7205,6944,261,3.76,5433,-242,-4.45,123848,118657,5191,4.37,5430,126425,4678,752,16.08,120995,5430,4.49
2020-06-08,India,8536,271,5171,10882,-2346,-21.56,266014,257478,8536,3.32,261,10,3.83,7476,7205,271,3.76,5191,-20,-0.39,129019,123848,5171,4.18,3094,129519,5430,-2336,-43.02,126425,3094,2.45
2020-06-09,India,9981,272,5634,8536,1445,16.93,275995,266014,9981,3.75,271,1,0.37,7748,7476,272,3.64,5171,463,8.95,134653,129019,5634,4.37,4075,133594,3094,981,31.71,129519,4075,3.15
2020-06-10,India,11156,358,6275,9981,1175,11.77,287151,275995,11156,4.04,272,86,31.62,8106,7748,358,4.62,5634,641,11.38,140928,134653,6275,4.66,4523,138117,4075,448,10.99,133594,4523,3.39
2020-06-11,India,11135,394,6044,11156,-21,-0.19,298286,287151,11135,3.88,358,36,10.06,8500,8106,394,4.86,6275,-231,-3.68,146972,140928,6044,4.29,4697,142814,4523,174,3.85,138117,4697,3.4
2020-06-12,India,11306,388,7263,11135,171,1.54,309592,298286,11306,3.79,394,-6,-1.52,8888,8500,388,4.56,6044,1219,20.17,154235,146972,7263,4.94,3655,146469,4697,-1042,-22.18,142814,3655,2.56
2020-06-13,India,12039,309,8092,11306,733,6.48,321631,309592,12039,3.89,388,-79,-20.36,9197,8888,309,3.48,7263,829,11.41,162327,154235,8092,5.25,3638,150107,3655,-17,-0.47,146469,3638,2.48
2020-06-14,India,11405,324,7358,12039,-634,-5.27,333036,321631,11405,3.55,309,15,4.85,9521,9197,324,3.52,8092,-734,-9.07,169685,162327,7358,4.53,3723,153830,3638,85,2.34,150107,3723,2.48
2020-06-15,India,10032,396,10639,11405,-1373,-12.04,343068,333036,10032,3.01,324,72,22.22,9917,9521,396,4.16,7358,3281,44.59,180324,169685,10639,6.27,-1003,152827,3723,-4726,-126.94,153830,-1003,-0.65
2020-06-16,India,11086,2004,7226,10032,1054,10.51,354154,343068,11086,3.23,396,1608,406.06,11921,9917,2004,20.21,10639,-3413,-32.08,187550,180324,7226,4.01,1856,154683,-1003,2859,0.0,152827,1856,1.21
2020-06-17,India,13108,341,6890,11086,2022,18.24,367262,354154,13108,3.7,2004,-1663,-82.98,12262,11921,341,2.86,7226,-336,-4.65,194440,187550,6890,3.67,5877,160560,1856,4021,216.65,154683,5877,3.8
2020-06-18,India,13829,343,10741,13108,721,5.5,381091,367262,13829,3.77,341,2,0.59,12605,12262,343,2.8,6890,3851,55.89,205181,194440,10741,5.52,2745,163305,5877,-3132,-53.29,160560,2745,1.71
2020-06-19,India,14638,364,9029,13829,809,5.85,395729,381091,14638,3.84,343,21,6.12,12969,12605,364,2.89,10741,-1712,-15.94,214210,205181,9029,4.4,5245,168550,2745,2500,91.07,163305,5245,3.21
2020-06-20,India,15918,308,13974,14638,1280,8.74,411647,395729,15918,4.02,364,-56,-15.38,13277,12969,308,2.37,9029,4945,54.77,228184,214210,13974,6.52,1636,170186,5245,-3609,-68.81,168550,1636,0.97
2020-06-21,India,15151,426,9075,15918,-767,-4.82,426798,411647,15151,3.68,308,118,38.31,13703,13277,426,3.21,13974,-4899,-35.06,237259,228184,9075,3.98,5650,175836,1636,4014,245.35,170186,5650,3.32
2020-06-22,India,13560,312,10879,15151,-1591,-10.5,440358,426798,13560,3.18,426,-114,-26.76,14015,13703,312,2.28,9075,1804,19.88,248138,237259,10879,4.59,2369,178205,5650,-3281,-58.07,175836,2369,1.35
2020-06-23,India,15656,468,10462,13560,2096,15.46,456014,440358,15656,3.56,312,156,50.0,14483,14015,468,3.34,10879,-417,-3.83,258600,248138,10462,4.22,4726,182931,2369,2357,99.49,178205,4726,2.65
2020-06-24,India,16868,424,13089,15656,1212,7.74,472882,456014,16868,3.7,468,-44,-9.4,14907,14483,424,2.93,10462,2627,25.11,271689,258600,13089,5.06,3355,186286,4726,-1371,-29.01,182931,3355,1.83
2020-06-25,India,18205,401,13983,16868,1337,7.93,491087,472882,18205,3.85,424,-23,-5.42,15308,14907,401,2.69,13089,894,6.83,285672,271689,13983,5.15,3821,190107,3355,466,13.89,186286,3821,2.05
2020-06-26,India,18255,381,10246,18205,50,0.27,509342,491087,18255,3.72,401,-20,-4.99,15689,15308,381,2.49,13983,-3737,-26.73,295918,285672,10246,3.59,7628,197735,3821,3807,99.63,190107,7628,4.01
2020-06-27,India,20142,414,14229,18255,1887,10.34,529484,509342,20142,3.95,381,33,8.66,16103,15689,414,2.64,10246,3983,38.87,310147,295918,14229,4.81,5499,203234,7628,-2129,-27.91,197735,5499,2.78
2020-06-28,India,19610,384,11631,20142,-532,-2.64,549094,529484,19610,3.7,414,-30,-7.25,16487,16103,384,2.38,14229,-2598,-18.26,321778,310147,11631,3.75,7595,210829,5499,2096,38.12,203234,7595,3.74
2020-06-29,India,18339,417,13497,19610,-1271,-6.48,567433,549094,18339,3.34,384,33,8.59,16904,16487,417,2.53,11631,1866,16.04,335275,321778,13497,4.19,4425,215254,7595,-3170,-41.74,210829,4425,2.1
2020-06-30,India,18256,506,12565,18339,-83,-0.45,585689,567433,18256,3.22,417,89,21.34,17410,16904,506,2.99,13497,-932,-6.91,347840,335275,12565,3.75,5185,220439,4425,760,17.18,215254,5185,2.41
2020-07-01,India,19429,438,12064,18256,1173,6.43,605118,585689,19429,3.32,506,-68,-13.44,17848,17410,438,2.52,12565,-501,-3.99,359904,347840,12064,3.47,6927,227366,5185,1742,33.6,220439,6927,3.14
2020-07-02,India,21947,378,19999,19429,2518,12.96,627065,605118,21947,3.63,438,-60,-13.7,18226,17848,378,2.12,12064,7935,65.77,379903,359904,19999,5.56,1570,228936,6927,-5357,-77.34,227366,1570,0.69
2020-07-03,India,22718,444,14417,21947,771,3.51,649783,627065,22718,3.62,378,66,17.46,18670,18226,444,2.44,19999,-5582,-27.91,394320,379903,14417,3.79,7857,236793,1570,6287,400.45,228936,7857,3.43
2020-07-04,India,24018,611,14746,22718,1300,5.72,673801,649783,24018,3.7,444,167,37.61,19281,18670,611,3.27,14417,329,2.28,409066,394320,14746,3.74,8661,245454,7857,804,10.23,236793,8661,3.66
2020-07-05,India,23942,421,15829,24018,-76,-0.32,697743,673801,23942,3.55,611,-190,-31.1,19702,19281,421,2.18,14746,1083,7.34,424895,409066,15829,3.87,7692,253146,8661,-969,-11.19,245454,7692,3.13
2020-07-06,India,22500,473,15315,23942,-1442,-6.02,720243,697743,22500,3.22,421,52,12.35,20175,19702,473,2.4,15829,-514,-3.25,440210,424895,15315,3.6,6712,259858,7692,-980,-12.74,253146,6712,2.65
2020-07-07,India,23147,479,16836,22500,647,2.88,743390,720243,23147,3.21,473,6,1.27,20654,20175,479,2.37,15315,1521,9.93,457046,440210,16836,3.82,5832,265690,6712,-880,-13.11,259858,5832,2.24
2020-07-08,India,25561,492,19508,23147,2414,10.43,768951,743390,25561,3.44,479,13,2.71,21146,20654,492,2.38,16836,2672,15.87,476554,457046,19508,4.27,5561,271251,5832,-271,-4.65,265690,5561,2.09
2020-07-09,India,25790,479,19408,25561,229,0.9,794741,768951,25790,3.35,492,-13,-2.64,21625,21146,479,2.27,19508,-100,-0.51,495962,476554,19408,4.07,5903,277154,5561,342,6.15,271251,5903,2.18
2020-07-10,India,27762,520,20289,25790,1972,7.65,822503,794741,27762,3.49,479,41,8.56,22145,21625,520,2.4,19408,881,4.54,516251,495962,20289,4.09,6953,284107,5903,1050,17.79,277154,6953,2.51
2020-07-11,India,27757,543,19981,27762,-5,-0.02,850260,822503,27757,3.37,520,23,4.42,22688,22145,543,2.45,20289,-308,-1.52,536232,516251,19981,3.87,7233,291340,6953,280,4.03,284107,7233,2.55
2020-07-12,India,29106,500,18198,27757,1349,4.86,879366,850260,29106,3.42,543,-43,-7.92,23188,22688,500,2.2,19981,-1783,-8.92,554430,536232,18198,3.39,10408,301748,7233,3175,43.9,291340,10408,3.57
2020-07-13,India,28178,541,17683,29106,-928,-3.19,907544,879366,28178,3.2,500,41,8.2,23729,23188,541,2.33,18198,-515,-2.83,572113,554430,17683,3.19,9954,311702,10408,-454,-4.36,301748,9954,3.3
2020-07-14,India,29917,587,20977,28178,1739,6.17,937461,907544,29917,3.3,541,46,8.5,24316,23729,587,2.47,17683,3294,18.63,593090,572113,20977,3.67,8353,320055,9954,-1601,-16.08,311702,8353,2.68
2020-07-15,India,32607,614,20646,29917,2690,8.99,970068,937461,32607,3.48,587,27,4.6,24930,24316,614,2.53,20977,-331,-1.58,613736,593090,20646,3.48,11347,331402,8353,2994,35.84,320055,11347,3.55
2020-07-16,India,35468,680,22867,32607,2861,8.77,1005536,970068,35468,3.66,614,66,10.75,25610,24930,680,2.73,20646,2221,10.76,636603,613736,22867,3.73,11921,343323,11347,574,5.06,331402,11921,3.6
2020-07-17,India,34820,676,17476,35468,-648,-1.83,1040356,1005536,34820,3.46,680,-4,-0.59,26286,25610,676,2.64,22867,-5391,-23.58,654079,636603,17476,2.75,16668,359991,11921,4747,39.82,343323,16668,4.85
2020-07-18,India,37411,543,23583,34820,2591,7.44,1077767,1040356,37411,3.6,676,-133,-19.67,26829,26286,543,2.07,17476,6107,34.95,677662,654079,23583,3.61,13285,373276,16668,-3383,-20.3,359991,13285,3.69
2020-07-19,India,40235,675,22730,37411,2824,7.55,1118002,1077767,40235,3.73,543,132,24.31,27504,26829,675,2.52,23583,-853,-3.62,700392,677662,22730,3.35,16830,390106,13285,3545,26.68,373276,16830,4.51
2020-07-20,India,36806,596,24303,40235,-3429,-8.52,1154808,1118002,36806,3.29,675,-79,-11.7,28100,27504,596,2.17,22730,1573,6.92,724695,700392,24303,3.47,11907,402013,16830,-4923,-29.25,390106,11907,3.05
2020-07-21,India,39170,671,27589,36806,2364,6.42,1193978,1154808,39170,3.39,596,75,12.58,28771,28100,671,2.39,24303,3286,13.52,752284,724695,27589,3.81,10910,412923,11907,-997,-8.37,402013,10910,2.71
2020-07-22,India,45601,1130,31875,39170,6431,16.42,1239579,1193978,45601,3.82,671,459,68.41,29901,28771,1130,3.93,27589,4286,15.54,784159,752284,31875,4.24,12596,425519,10910,1686,15.45,412923,12596,3.05
2020-07-23,India,48443,755,33326,45601,2842,6.23,1288022,1239579,48443,3.91,1130,-375,-33.19,30656,29901,755,2.52,31875,1451,4.55,817485,784159,33326,4.25,14362,439881,12596,1766,14.02,425519,14362,3.38
2020-07-24,India,48888,763,32514,48443,445,0.92,1336910,1288022,48888,3.8,755,8,1.06,31419,30656,763,2.49,33326,-812,-2.44,849999,817485,32514,3.98,15611,455492,14362,1249,8.7,439881,15611,3.55
2020-07-25,India,50072,703,37125,48888,1184,2.42,1386982,1336910,50072,3.75,763,-60,-7.86,32122,31419,703,2.24,32514,4611,14.18,887124,849999,37125,4.37,12244,467736,15611,-3367,-21.57,455492,12244,2.69
2020-07-26,India,48932,704,31512,50072,-1140,-2.28,1435914,1386982,48932,3.53,703,1,0.14,32826,32122,704,2.19,37125,-5613,-15.12,918636,887124,31512,3.55,16716,484452,12244,4472,36.52,467736,16716,3.57
2020-07-27,India,46484,642,34354,48932,-2448,-5.0,1482398,1435914,46484,3.24,704,-62,-8.81,33468,32826,642,1.96,31512,2842,9.02,952990,918636,34354,3.74,11488,495940,16716,-5228,-31.28,484452,11488,2.37
2020-07-28,India,49631,774,35683,46484,3147,6.77,1532029,1482398,49631,3.35,642,132,20.56,34242,33468,774,2.31,34354,1329,3.87,988673,952990,35683,3.74,13174,509114,11488,1686,14.68,495940,13174,2.66
2020-07-29,India,52479,775,32886,49631,2848,5.74,1584508,1532029,52479,3.43,774,1,0.13,35017,34242,775,2.26,35683,-2797,-7.84,1021559,988673,32886,3.33,18818,527932,13174,5644,42.84,509114,18818,3.7
2020-07-30,India,54968,784,37425,52479,2489,4.74,1639476,1584508,54968,3.47,775,9,1.16,35801,35017,784,2.24,32886,4539,13.8,1058984,1021559,37425,3.66,16759,544691,18818,-2059,-10.94,527932,16759,3.17
2020-07-31,India,57486,764,36554,54968,2518,4.58,1696962,1639476,57486,3.51,784,-20,-2.55,36565,35801,764,2.13,37425,-871,-2.33,1095538,1058984,36554,3.45,20168,564859,16759,3409,20.34,544691,20168,3.7
2020-08-01,India,55117,854,51368,57486,-2369,-4.12,1752079,1696962,55117,3.25,764,90,11.78,37419,36565,854,2.34,36554,14814,40.53,1146906,1095538,51368,4.69,2895,567754,20168,-17273,-85.65,564859,2895,0.51
2020-08-02,India,52672,760,40355,55117,-2445,-4.44,1804751,1752079,52672,3.01,854,-94,-11.01,38179,37419,760,2.03,51368,-11013,-21.44,1187261,1146906,40355,3.52,11557,579311,2895,8662,299.21,567754,11557,2.04
2020-08-03,India,50488,806,43070,52672,-2184,-4.15,1855239,1804751,50488,2.8,760,46,6.05,38985,38179,806,2.11,40355,2715,6.73,1230331,1187261,43070,3.63,6612,585923,11557,-4945,-42.79,579311,6612,1.14
2020-08-04,India,51282,849,51220,50488,794,1.57,1906521,1855239,51282,2.76,806,43,5.33,39834,38985,849,2.18,43070,8150,18.92,1281551,1230331,51220,4.16,-787,585136,6612,-7399,-111.9,585923,-787,-0.13
2020-08-05,India,56626,919,45583,51282,5344,10.42,1963147,1906521,56626,2.97,849,70,8.24,40753,39834,919,2.31,51220,-5637,-11.01,1327134,1281551,45583,3.56,10124,595260,-787,10911,0.0,585136,10124,1.73
2020-08-06,India,62170,899,50141,56626,5544,9.79,2025317,1963147,62170,3.17,919,-20,-2.18,41652,40753,899,2.21,45583,4558,10.0,1377275,1327134,50141,3.78,11130,606390,10124,1006,9.94,595260,11130,1.87
2020-08-07,India,61455,936,50387,62170,-715,-1.15,2086772,2025317,61455,3.03,899,37,4.12,42588,41652,936,2.25,50141,246,0.49,1427662,1377275,50387,3.66,10132,616522,11130,-998,-8.97,606390,10132,1.67
2020-08-08,India,65156,875,52135,61455,3701,6.02,2151928,2086772,65156,3.12,936,-61,-6.52,43463,42588,875,2.05,50387,1748,3.47,1479797,1427662,52135,3.65,12146,628668,10132,2014,19.88,616522,12146,1.97
2020-08-09,India,62117,1013,54474,65156,-3039,-4.66,2214045,2151928,62117,2.89,875,138,15.77,44476,43463,1013,2.33,52135,2339,4.49,1534271,1479797,54474,3.68,6630,635298,12146,-5516,-45.41,628668,6630,1.05
2020-08-10,India,53016,887,47362,62117,-9101,-14.65,2267061,2214045,53016,2.39,1013,-126,-12.44,45363,44476,887,1.99,54474,-7112,-13.06,1581633,1534271,47362,3.09,4767,640065,6630,-1863,-28.1,635298,4767,0.75
2020-08-11,India,61252,835,56461,53016,8236,15.53,2328313,2267061,61252,2.7,887,-52,-5.86,46198,45363,835,1.84,47362,9099,19.21,1638094,1581633,56461,3.57,3956,644021,4767,-811,-17.01,640065,3956,0.62
2020-08-12,India,67066,950,57759,61252,5814,9.49,2395379,2328313,67066,2.88,835,115,13.77,47148,46198,950,2.06,56461,1298,2.3,1695853,1638094,57759,3.53,8357,652378,3956,4401,111.25,644021,8357,1.3
2020-08-13,India,64141,1006,54776,67066,-2925,-4.36,2459520,2395379,64141,2.68,950,56,5.89,48154,47148,1006,2.13,57759,-2983,-5.16,1750629,1695853,54776,3.23,8359,660737,8357,2,0.02,652378,8359,1.28
2020-08-14,India,65610,989,56920,64141,1469,2.29,2525130,2459520,65610,2.67,1006,-17,-1.69,49143,48154,989,2.05,54776,2144,3.91,1807549,1750629,56920,3.25,7701,668438,8359,-658,-7.87,660737,7701,1.17
2020-08-15,India,63986,952,53116,65610,-1624,-2.48,2589116,2525130,63986,2.53,989,-37,-3.74,50095,49143,952,1.94,56920,-3804,-6.68,1860665,1807549,53116,2.94,9918,678356,7701,2217,28.79,668438,9918,1.48
2020-08-16,India,58096,952,57404,63986,-5890,-9.21,2647212,2589116,58096,2.24,952,0,0.0,51047,50095,952,1.9,53116,4288,8.07,1918069,1860665,57404,3.09,-260,678096,9918,-10178,-102.62,678356,-260,-0.04
2020-08-17,India,54298,880,58172,58096,-3798,-6.54,2701510,2647212,54298,2.05,952,-72,-7.56,51927,51047,880,1.72,57404,768,1.34,1976241,1918069,58172,3.03,-4754,673342,-260,-4494,0.0,678096,-4754,-0.7
2020-08-18,India,64999,1099,60455,54298,10701,19.71,2766509,2701510,64999,2.41,880,219,24.89,53026,51927,1099,2.12,58172,2283,3.92,2036696,1976241,60455,3.06,3445,676787,-4754,8199,0.0,673342,3445,0.51
2020-08-19,India,69196,979,59365,64999,4197,6.46,2835705,2766509,69196,2.5,1099,-120,-10.92,54005,53026,979,1.85,60455,-1090,-1.8,2096061,2036696,59365,2.91,8852,685639,3445,5407,156.95,676787,8852,1.31
2020-08-20,India,68518,981,61873,69196,-678,-0.98,2904223,2835705,68518,2.42,979,2,0.2,54986,54005,981,1.82,59365,2508,4.22,2157934,2096061,61873,2.95,5664,691303,8852,-3188,-36.01,685639,5664,0.83
2020-08-21,India,68519,953,62858,68518,1,0.0,2972742,2904223,68519,2.36,981,-28,-2.85,55939,54986,953,1.73,61873,985,1.59,2220792,2157934,62858,2.91,4708,696011,5664,-956,-16.88,691303,4708,0.68
2020-08-22,India,70067,918,59101,68519,1548,2.26,3042809,2972742,70067,2.36,953,-35,-3.67,56857,55939,918,1.64,62858,-3757,-5.98,2279893,2220792,59101,2.66,10048,706059,4708,5340,113.42,696011,10048,1.44
2020-08-23,India,61749,846,56896,70067,-8318,-11.87,3104558,3042809,61749,2.03,918,-72,-7.84,57703,56857,846,1.49,59101,-2205,-3.73,2336789,2279893,56896,2.5,4007,710066,10048,-6041,-60.12,706059,4007,0.57
2020-08-24,India,59696,854,66305,61749,-2053,-3.32,3164254,3104558,59696,1.92,846,8,0.95,58557,57703,854,1.48,56896,9409,16.54,2403094,2336789,66305,2.84,-7463,702603,4007,-11470,-286.25,710066,-7463,-1.05
2020-08-25,India,66873,1066,64151,59696,7177,12.02,3231127,3164254,66873,2.11,854,212,24.82,59623,58557,1066,1.82,66305,-2154,-3.25,2467245,2403094,64151,2.67,1656,704259,-7463,9119,0.0,702603,1656,0.24
2020-08-26,India,75995,1017,56191,66873,9122,13.64,3307122,3231127,75995,2.35,1066,-49,-4.6,60640,59623,1017,1.71,64151,-7960,-12.41,2523436,2467245,56191,2.28,18787,723046,1656,17131,1034.48,704259,18787,2.67
2020-08-27,India,76827,1066,59620,75995,832,1.09,3383949,3307122,76827,2.32,1017,49,4.82,61706,60640,1066,1.76,56191,3429,6.1,2583056,2523436,59620,2.36,16141,739187,18787,-2646,-14.08,723046,16141,2.23
2020-08-28,India,76657,1019,64475,76827,-170,-0.22,3460606,3383949,76657,2.27,1066,-47,-4.41,62725,61706,1019,1.65,59620,4855,8.14,2647531,2583056,64475,2.5,11163,750350,16141,-4978,-30.84,739187,11163,1.51
2020-08-29,India,78479,943,64982,76657,1822,2.38,3539085,3460606,78479,2.27,1019,-76,-7.46,63668,62725,943,1.5,64475,507,0.79,2712513,2647531,64982,2.45,12554,762904,11163,1391,12.46,750350,12554,1.67
2020-08-30,India,79461,960,60422,78479,982,1.25,3618546,3539085,79461,2.25,943,17,1.8,64628,63668,960,1.51,64982,-4560,-7.02,2772935,2712513,60422,2.23,18079,780983,12554,5525,44.01,762904,18079,2.37
2020-08-31,India,68766,816,64435,79461,-10695,-13.46,3687312,3618546,68766,1.9,960,-144,-15.0,65444,64628,816,1.26,60422,4013,6.64,2837370,2772935,64435,2.32,3515,784498,18079,-14564,-80.56,780983,3515,0.45
2020-09-01,India,78168,1027,62145,68766,9402,13.67,3765480,3687312,78168,2.12,816,211,25.86,66471,65444,1027,1.57,64435,-2290,-3.55,2899515,2837370,62145,2.19,14996,799494,3515,11481,326.63,784498,14996,1.91
2020-09-02,India,82860,1026,67874,78168,4692,6.0,3848340,3765480,82860,2.2,1027,-1,-0.1,67497,66471,1026,1.54,62145,5729,9.22,2967389,2899515,67874,2.34,13960,813454,14996,-1036,-6.91,799494,13960,1.75
2020-09-03,India,84156,1083,67491,82860,1296,1.56,3932496,3848340,84156,2.19,1026,57,5.56,68580,67497,1083,1.6,67874,-383,-0.56,3034880,2967389,67491,2.27,15582,829036,13960,1622,11.62,813454,15582,1.92
2020-09-04,India,87115,1066,69625,84156,2959,3.52,4019611,3932496,87115,2.22,1083,-17,-1.57,69646,68580,1066,1.55,67491,2134,3.16,3104505,3034880,69625,2.29,16424,845460,15582,842,5.4,829036,16424,1.98
2020-09-05,India,90600,1044,73161,87115,3485,4.0,4110211,4019611,90600,2.25,1066,-22,-2.06,70690,69646,1044,1.5,69625,3536,5.08,3177666,3104505,73161,2.36,16395,861855,16424,-29,-0.18,845460,16395,1.94
2020-09-06,India,91725,1005,69630,90600,1125,1.24,4201936,4110211,91725,2.23,1044,-39,-3.74,71695,70690,1005,1.42,73161,-3531,-4.83,3247296,3177666,69630,2.19,21090,882945,16395,4695,28.64,861855,21090,2.45
2020-09-07,India,75015,1129,74116,91725,-16710,-18.22,4276951,4201936,75015,1.79,1005,124,12.34,72824,71695,1129,1.57,69630,4486,6.44,3321412,3247296,74116,2.28,-230,882715,21090,-21320,-101.09,882945,-230,-0.03
2020-09-08,India,89855,1107,74608,75015,14840,19.78,4366806,4276951,89855,2.1,1129,-22,-1.95,73931,72824,1107,1.52,74116,492,0.66,3396020,3321412,74608,2.25,14140,896855,-230,14370,0.0,882715,14140,1.6
2020-09-09,India,95536,1168,73062,89855,5681,6.32,4462342,4366806,95536,2.19,1107,61,5.51,75099,73931,1168,1.58,74608,-1546,-2.07,3469082,3396020,73062,2.15,21306,918161,14140,7166,50.68,896855,21306,2.38
2020-09-10,India,96762,1213,70904,95536,1226,1.28,4559104,4462342,96762,2.17,1168,45,3.85,76312,75099,1213,1.62,73062,-2158,-2.95,3539986,3469082,70904,2.04,24645,942806,21306,3339,15.67,918161,24645,2.68
2020-09-11,India,97655,1202,81456,96762,893,0.92,4656759,4559104,97655,2.14,1213,-11,-0.91,77514,76312,1202,1.58,70904,10552,14.88,3621442,3539986,81456,2.3,14997,957803,24645,-9648,-39.15,942806,14997,1.59
2020-09-12,India,94414,1111,77862,97655,-3241,-3.32,4751173,4656759,94414,2.03,1202,-91,-7.57,78625,77514,1111,1.43,81456,-3594,-4.41,3699304,3621442,77862,2.15,15441,973244,14997,444,2.96,957803,15441,1.61
2020-09-13,India,93220,1140,77748,94414,-1194,-1.26,4844393,4751173,93220,1.96,1111,29,2.61,79765,78625,1140,1.45,77862,-114,-0.15,3777052,3699304,77748,2.1,14332,987576,15441,-1109,-7.18,973244,14332,1.47
2020-09-14,India,81913,1054,79213,93220,-11307,-12.13,4926306,4844393,81913,1.69,1140,-86,-7.54,80819,79765,1054,1.32,77748,1465,1.88,3856265,3777052,79213,2.1,1646,989222,14332,-12686,-88.52,987576,1646,0.17
2020-09-15,India,91098,1281,82849,81913,9185,11.21,5017404,4926306,91098,1.85,1054,227,21.54,82100,80819,1281,1.59,79213,3636,4.59,3939114,3856265,82849,2.15,6968,996190,1646,5322,323.33,989222,6968,0.7
2020-09-16,India,97860,1140,82924,91098,6762,7.42,5115264,5017404,97860,1.95,1281,-141,-11.01,83240,82100,1140,1.39,82849,75,0.09,4022038,3939114,82924,2.11,13796,1009986,6968,6828,97.99,996190,13796,1.38
2020-09-17,India,96787,1175,87788,97860,-1073,-1.1,5212051,5115264,96787,1.89,1140,35,3.07,84415,83240,1175,1.41,82924,4864,5.87,4109826,4022038,87788,2.18,7824,1017810,13796,-5972,-43.29,1009986,7824,0.77
2020-09-18,India,92973,1221,95515,96787,-3814,-3.94,5305024,5212051,92973,1.78,1175,46,3.91,85636,84415,1221,1.45,87788,7727,8.8,4205341,4109826,95515,2.32,-3763,1014047,7824,-11587,-148.1,1017810,-3763,-0.37
2020-09-19,India,92574,1149,94389,92973,-399,-0.43,5397598,5305024,92574,1.75,1221,-72,-5.9,86785,85636,1149,1.34,95515,-1126,-1.18,4299730,4205341,94389,2.24,-2964,1011083,-3763,799,0.0,1014047,-2964,-0.29
2020-09-20,India,87395,1135,92926,92574,-5179,-5.59,5484993,5397598,87395,1.62,1149,-14,-1.22,87920,86785,1135,1.31,94389,-1463,-1.55,4392656,4299730,92926,2.16,-6666,1004417,-2964,-3702,0.0,1011083,-6666,-0.66
2020-09-21,India,74493,1056,102070,87395,-12902,-14.76,5559486,5484993,74493,1.36,1135,-79,-6.96,88976,87920,1056,1.2,92926,9144,9.84,4494726,4392656,102070,2.32,-28633,975784,-6666,-21967,0.0,1004417,-28633,-2.85
2020-09-22,India,83362,1085,89657,74493,8869,11.91,5642848,5559486,83362,1.5,1056,29,2.75,90061,88976,1085,1.22,102070,-12413,-12.16,4584383,4494726,89657,1.99,-7380,968404,-28633,21253,0.0,975784,-7380,-0.76
2020-09-23,India,86703,1123,87459,83362,3341,4.01,5729551,5642848,86703,1.54,1085,38,3.5,91184,90061,1123,1.25,89657,-2198,-2.45,4671842,4584383,87459,1.91,-1879,966525,-7380,5501,0.0,968404,-1879,-0.19
2020-09-24,India,85921,1144,81142,86703,-782,-0.9,5815472,5729551,85921,1.5,1123,21,1.87,92328,91184,1144,1.25,87459,-6317,-7.22,4752984,4671842,81142,1.74,3635,970160,-1879,5514,0.0,966525,3635,0.38
2020-09-25,India,85717,1093,93331,85921,-204,-0.24,5901189,5815472,85717,1.47,1144,-51,-4.46,93421,92328,1093,1.18,81142,12189,15.02,4846315,4752984,93331,1.96,-8707,961453,3635,-12342,-339.53,970160,-8707,-0.9
2020-09-26,India,88759,1124,92365,85717,3042,3.55,5989948,5901189,88759,1.5,1093,31,2.84,94545,93421,1124,1.2,93331,-966,-1.04,4938680,4846315,92365,1.91,-4730,956723,-8707,3977,0.0,961453,-4730,-0.49
2020-09-27,India,82770,1040,74691,88759,-5989,-6.75,6072718,5989948,82770,1.38,1124,-84,-7.47,95585,94545,1040,1.1,92365,-17674,-19.13,5013371,4938680,74691,1.51,7039,963762,-4730,11769,0.0,956723,7039,0.74
2020-09-28,India,69669,775,85198,82770,-13101,-15.83,6142387,6072718,69669,1.15,1040,-265,-25.48,96360,95585,775,0.81,74691,10507,14.07,5098569,5013371,85198,1.7,-16304,947458,7039,-23343,-331.62,963762,-16304,-1.69
2020-09-29,India,80500,1178,86150,69669,10831,15.55,6222887,6142387,80500,1.31,775,403,52.0,97538,96360,1178,1.22,85198,952,1.12,5184719,5098569,86150,1.69,-6828,940630,-16304,9476,0.0,947458,-6828,-0.72
2020-09-30,India,86748,1179,85274,80500,6248,7.76,6309635,6222887,86748,1.39,1178,1,0.08,98717,97538,1179,1.21,86150,-876,-1.02,5269993,5184719,85274,1.64,295,940925,-6828,7123,0.0,940630,295,0.03
2020-10-01,India,81784,1099,78731,86748,-4964,-5.72,6391419,6309635,81784,1.3,1179,-80,-6.79,99816,98717,1099,1.11,85274,-6543,-7.67,5348724,5269993,78731,1.49,1954,942879,295,1659,562.37,940925,1954,0.21
2020-10-02,India,79883,1068,76339,81784,-1901,-2.32,6471302,6391419,79883,1.25,1099,-31,-2.82,100884,99816,1068,1.07,78731,-2392,-3.04,5425063,5348724,76339,1.43,2476,945355,1954,522,26.71,942879,2476,0.26
2020-10-03,India,75479,937,81655,79883,-4404,-5.51,6546781,6471302,75479,1.17,1068,-131,-12.27,101821,100884,937,0.93,76339,5316,6.96,5506718,5425063,81655,1.51,-7113,938242,2476,-9589,-387.28,945355,-7113,-0.75
2020-10-04,India,74770,903,76713,75479,-709,-0.94,6621551,6546781,74770,1.14,937,-34,-3.63,102724,101821,903,0.89,81655,-4942,-6.05,5583431,5506718,76713,1.39,-2846,935396,-7113,4267,0.0,938242,-2846,-0.3
2020-10-05,India,60130,886,75855,74770,-14640,-19.58,6681681,6621551,60130,0.91,903,-17,-1.88,103610,102724,886,0.86,76713,-858,-1.12,5659286,5583431,75855,1.36,-16611,918785,-2846,-13765,0.0,935396,-16611,-1.78
2020-10-06,India,71869,990,81945,60130,11739,19.52,6753550,6681681,71869,1.08,886,104,11.74,104600,103610,990,0.96,75855,6090,8.03,5741231,5659286,81945,1.45,-11066,907719,-16611,5545,0.0,918785,-11066,-1.2
2020-10-07,India,78809,963,83209,71869,6940,9.66,6832359,6753550,78809,1.17,990,-27,-2.73,105563,104600,963,0.92,81945,1264,1.54,5824440,5741231,83209,1.45,-5363,902356,-11066,5703,0.0,907719,-5363,-0.59
2020-10-08,India,70797,967,78745,78809,-8012,-10.17,6903156,6832359,70797,1.04,963,4,0.42,106530,105563,967,0.92,83209,-4464,-5.36,5903185,5824440,78745,1.35,-8915,893441,-5363,-3552,0.0,902356,-8915,-0.99
2020-10-09,India,73305,929,82628,70797,2508,3.54,6976461,6903156,73305,1.06,967,-38,-3.93,107459,106530,929,0.87,78745,3883,4.93,5985813,5903185,82628,1.4,-10252,883189,-8915,-1337,0.0,893441,-10252,-1.15
2020-10-10,India,74418,921,89024,73305,1113,1.52,7050879,6976461,74418,1.07,929,-8,-0.86,108380,107459,921,0.86,82628,6396,7.74,6074837,5985813,89024,1.49,-15527,867662,-10252,-5275,0.0,883189,-15527,-1.76
2020-10-11,India,67789,813,71565,74418,-6629,-8.91,7118668,7050879,67789,0.96,921,-108,-11.73,109193,108380,813,0.75,89024,-17459,-19.61,6146402,6074837,71565,1.18,-4589,863073,-15527,10938,0.0,867662,-4589,-0.53
2020-10-12,India,54262,710,78365,67789,-13527,-19.95,7172930,7118668,54262,0.76,813,-103,-12.67,109903,109193,710,0.65,71565,6800,9.5,6224767,6146402,78365,1.27,-24813,838260,-4589,-20224,0.0,863073,-24813,-2.87
2020-10-13,India,63717,727,74079,54262,9455,17.42,7236647,7172930,63717,0.89,710,17,2.39,110630,109903,727,0.66,78365,-4286,-5.47,6298846,6224767,74079,1.19,-11089,827171,-24813,13724,0.0,838260,-11089,-1.32
2020-10-14,India,67811,690,81582,63717,4094,6.43,7304458,7236647,67811,0.94,727,-37,-5.09,111320,110630,690,0.62,74079,7503,10.13,6380428,6298846,81582,1.3,-14461,812710,-11089,-3372,0.0,827171,-14461,-1.75
2020-10-15,India,63441,882,70792,67811,-4370,-6.44,7367899,7304458,63441,0.87,690,192,27.83,112202,111320,882,0.79,81582,-10790,-13.23,6451220,6380428,70792,1.11,-8233,804477,-14461,6228,0.0,812710,-8233,-1.01
2020-10-16,India,62304,840,70568,63441,-1137,-1.79,7430203,7367899,62304,0.85,882,-42,-4.76,113042,112202,840,0.75,70792,-224,-0.32,6521788,6451220,70568,1.09,-9104,795373,-8233,-871,0.0,804477,-9104,-1.13
2020-10-17,India,61893,1032,72583,62304,-411,-0.66,7492096,7430203,61893,0.83,840,192,22.86,114074,113042,1032,0.91,70568,2015,2.86,6594371,6521788,72583,1.11,-11722,783651,-9104,-2618,0.0,795373,-11722,-1.47
2020-10-18,India,56519,582,66418,61893,-5374,-8.68,7548615,7492096,56519,0.75,1032,-450,-43.6,114656,114074,582,0.51,72583,-6165,-8.49,6660789,6594371,66418,1.01,-10481,773170,-11722,1241,0.0,783651,-10481,-1.34
2020-10-19,India,45506,589,69800,56519,-11013,-19.49,7594121,7548615,45506,0.6,582,7,1.2,115245,114656,589,0.51,66418,3382,5.09,6730589,6660789,69800,1.05,-24883,748287,-10481,-14402,0.0,773170,-24883,-3.22
2020-10-20,India,54348,714,61828,45506,8842,19.43,7648469,7594121,54348,0.72,589,125,21.22,115959,115245,714,0.62,69800,-7972,-11.42,6792417,6730589,61828,0.92,-8194,740093,-24883,16689,0.0,748287,-8194,-1.1
2020-10-21,India,56264,701,79561,54348,1916,3.53,7704733,7648469,56264,0.74,714,-13,-1.82,116660,115959,701,0.6,61828,17733,28.68,6871978,6792417,79561,1.17,-23998,716095,-8194,-15804,0.0,740093,-23998,-3.24
2020-10-22,India,54371,686,74569,56264,-1893,-3.36,7759104,7704733,54371,0.71,701,-15,-2.14,117346,116660,686,0.59,79561,-4992,-6.27,6946547,6871978,74569,1.09,-20884,695211,-23998,3114,0.0,716095,-20884,-2.92
2020-10-23,India,53931,655,66994,54371,-440,-0.81,7813035,7759104,53931,0.7,686,-31,-4.52,118001,117346,655,0.56,74569,-7575,-10.16,7013541,6946547,66994,0.96,-13718,681493,-20884,7166,0.0,695211,-13718,-1.97
2020-10-24,India,50366,578,62270,53931,-3565,-6.61,7863401,7813035,50366,0.64,655,-77,-11.76,118579,118001,578,0.49,66994,-4724,-7.05,7075811,7013541,62270,0.89,-12482,669011,-13718,1236,0.0,681493,-12482,-1.83
2020-10-25,India,45922,483,59304,50366,-4444,-8.82,7909323,7863401,45922,0.58,578,-95,-16.44,119062,118579,483,0.41,62270,-2966,-4.76,7135115,7075811,59304,0.84,-13865,655146,-12482,-1383,0.0,669011,-13865,-2.07
2020-10-26,India,36019,485,63734,45922,-9903,-21.56,7945342,7909323,36019,0.46,483,2,0.41,119547,119062,485,0.41,59304,4430,7.47,7198849,7135115,63734,0.89,-28200,626946,-13865,-14335,0.0,655146,-28200,-4.3
2020-10-27,India,43036,511,58429,36019,7017,19.48,7988378,7945342,43036,0.54,485,26,5.36,120058,119547,511,0.43,63734,-5305,-8.32,7257278,7198849,58429,0.81,-15904,611042,-28200,12296,0.0,626946,-15904,-2.54
2020-10-28,India,50188,515,56594,43036,7152,16.62,8038566,7988378,50188,0.63,511,4,0.78,120573,120058,515,0.43,58429,-1835,-3.14,7313872,7257278,56594,0.78,-6921,604121,-15904,8983,0.0,611042,-6921,-1.13
2020-10-29,India,48765,562,57867,50188,-1423,-2.84,8087331,8038566,48765,0.61,515,47,9.13,121135,120573,562,0.47,56594,1273,2.25,7371739,7313872,57867,0.79,-9664,594457,-6921,-2743,0.0,604121,-9664,-1.6
2020-10-30,India,48117,550,59005,48765,-648,-1.33,8135448,8087331,48117,0.59,562,-12,-2.14,121685,121135,550,0.45,57867,1138,1.97,7430744,7371739,59005,0.8,-11438,583019,-9664,-1774,0.0,594457,-11438,-1.92
2020-10-31,India,47228,469,58682,48117,-889,-1.85,8182676,8135448,47228,0.58,550,-81,-14.73,122154,121685,469,0.39,59005,-323,-0.55,7489426,7430744,58682,0.79,-11923,571096,-11438,-485,0.0,583019,-11923,-2.05
2020-11-01,India,45928,491,53312,47228,-1300,-2.75,8228604,8182676,45928,0.56,469,22,4.69,122645,122154,491,0.4,58682,-5370,-9.15,7542738,7489426,53312,0.71,-7875,563221,-11923,4048,0.0,571096,-7875,-1.38
2020-11-02,India,37592,498,58524,45928,-8336,-18.15,8266196,8228604,37592,0.46,491,7,1.43,123143,122645,498,0.41,53312,5212,9.78,7601262,7542738,58524,0.78,-21430,541791,-7875,-13555,0.0,563221,-21430,-3.8
2020-11-03,India,46027,510,53328,37592,8435,22.44,8312223,8266196,46027,0.56,498,12,2.41,123653,123143,510,0.41,58524,-5196,-8.88,7654590,7601262,53328,0.7,-7811,533980,-21430,13619,0.0,541791,-7811,-1.44
2020-11-04,India,50465,707,55873,46027,4438,9.64,8362688,8312223,50465,0.61,510,197,38.63,124360,123653,707,0.57,53328,2545,4.77,7710463,7654590,55873,0.73,-6115,527865,-7811,1696,0.0,533980,-6115,-1.15
2020-11-05,India,47628,672,54133,50465,-2837,-5.62,8410316,8362688,47628,0.57,707,-35,-4.95,125032,124360,672,0.54,55873,-1740,-3.11,7764596,7710463,54133,0.7,-7177,520688,-6115,-1062,0.0,527865,-7177,-1.36
2020-11-06,India,50017,577,53946,47628,2389,5.02,8460333,8410316,50017,0.59,672,-95,-14.14,125609,125032,577,0.46,54133,-187,-0.35,7818542,7764596,53946,0.69,-4506,516182,-7177,2671,0.0,520688,-4506,-0.87
2020-11-07,India,46153,557,48582,50017,-3864,-7.73,8506486,8460333,46153,0.55,577,-20,-3.47,126166,125609,557,0.44,53946,-5364,-9.94,7867124,7818542,48582,0.62,-2986,513196,-4506,1520,0.0,516182,-2986,-0.58
2020-11-08,India,46707,491,48465,46153,554,1.2,8553193,8506486,46707,0.55,557,-66,-11.85,126657,126166,491,0.39,48582,-117,-0.24,7915589,7867124,48465,0.62,-2249,510947,-2986,737,0.0,513196,-2249,-0.44
2020-11-09,India,37119,450,41449,46707,-9588,-20.53,8590312,8553193,37119,0.43,491,-41,-8.35,127107,126657,450,0.36,48465,-7016,-14.48,7957038,7915589,41449,0.52,-4780,506167,-2249,-2531,0.0,510947,-4780,-0.94
2020-11-10,India,44724,511,54639,37119,7605,20.49,8635036,8590312,44724,0.52,450,61,13.56,127618,127107,511,0.4,41449,13190,31.82,8011677,7957038,54639,0.69,-10426,495741,-4780,-5646,0.0,506167,-10426,-2.06
2020-11-11,India,48285,550,52704,44724,3561,7.96,8683321,8635036,48285,0.56,511,39,7.63,128168,127618,550,0.43,54639,-1935,-3.54,8064381,8011677,52704,0.66,-4969,490772,-10426,5457,0.0,495741,-4969,-1.0
2020-11-12,India,44585,544,49354,48285,-3700,-7.66,8727906,8683321,44585,0.51,550,-6,-1.09,128712,128168,544,0.42,52704,-3350,-6.36,8113735,8064381,49354,0.61,-5313,485459,-4969,-344,0.0,490772,-5313,-1.08
2020-11-13,India,44620,517,47620,44585,35,0.08,8772526,8727906,44620,0.51,544,-27,-4.96,129229,128712,517,0.4,49354,-1734,-3.51,8161355,8113735,47620,0.59,-3517,481942,-5313,1796,0.0,485459,-3517,-0.72
2020-11-14,India,41692,450,42317,44620,-2928,-6.56,8814218,8772526,41692,0.48,517,-67,-12.96,129679,129229,450,0.35,47620,-5303,-11.14,8203672,8161355,42317,0.52,-1075,480867,-3517,2442,0.0,481942,-1075,-0.22
2020-11-15,India,30681,434,44111,41692,-11011,-26.41,8844899,8814218,30681,0.35,450,-16,-3.56,130113,129679,434,0.33,42317,1794,4.24,8247783,8203672,44111,0.54,-13864,467003,-1075,-12789,0.0,480867,-13864,-2.88
2020-11-16,India,28609,451,40392,30681,-2072,-6.75,8873508,8844899,28609,0.32,434,17,3.92,130564,130113,451,0.35,44111,-3719,-8.43,8288175,8247783,40392,0.49,-12234,454769,-13864,1630,0.0,467003,-12234,-2.62
2020-11-17,India,38548,472,44753,28609,9939,34.74,8912056,8873508,38548,0.43,451,21,4.66,131036,130564,472,0.36,40392,4361,10.8,8332928,8288175,44753,0.54,-6677,448092,-12234,5557,0.0,454769,-6677,-1.47
2020-11-18,India,45366,586,48675,38548,6818,17.69,8957422,8912056,45366,0.51,472,114,24.15,131622,131036,586,0.45,44753,3922,8.76,8381603,8332928,48675,0.58,-3895,444197,-6677,2782,0.0,448092,-3895,-0.87
2020-11-19,India,46185,582,45246,45366,819,1.81,9003607,8957422,46185,0.52,586,-4,-0.68,132204,131622,582,0.44,48675,-3429,-7.04,8426849,8381603,45246,0.54,357,444554,-3895,4252,0.0,444197,357,0.08
2020-11-20,India,46283,564,48968,46185,98,0.21,9049890,9003607,46283,0.51,582,-18,-3.09,132768,132204,564,0.43,45246,3722,8.23,8475817,8426849,48968,0.58,-3249,441305,357,-3606,-1010.08,444554,-3249,-0.73
2020-11-21,India,45301,499,44055,46283,-982,-2.12,9095191,9049890,45301,0.5,564,-65,-11.52,133267,132768,499,0.38,48968,-4913,-10.03,8519872,8475817,44055,0.52,747,442052,-3249,3996,0.0,441305,747,0.17
2020-11-22,India,44404,510,41405,45301,-897,-1.98,9139595,9095191,44404,0.49,499,11,2.2,133777,133267,510,0.38,44055,-2650,-6.02,8561277,8519872,41405,0.49,2489,444541,747,1742,233.2,442052,2489,0.56
2020-11-23,India,37441,481,42195,44404,-6963,-15.68,9177036,9139595,37441,0.41,510,-29,-5.69,134258,133777,481,0.36,41405,790,1.91,8603472,8561277,42195,0.49,-5235,439306,2489,-7724,-310.33,444541,-5235,-1.18
2020-11-24,India,44245,489,37765,37441,6804,18.17,9221281,9177036,44245,0.48,481,8,1.66,134747,134258,489,0.36,42195,-4430,-10.5,8641237,8603472,37765,0.44,5991,445297,-5235,11226,0.0,439306,5991,1.36
2020-11-25,India,44699,518,36582,44245,454,1.03,9265980,9221281,44699,0.48,489,29,5.93,135265,134747,518,0.38,37765,-1183,-3.13,8677819,8641237,36582,0.42,7599,452896,5991,1608,26.84,445297,7599,1.71
2020-11-26,India,43174,491,39723,44699,-1525,-3.41,9309154,9265980,43174,0.47,518,-27,-5.21,135756,135265,491,0.36,36582,3141,8.59,8717542,8677819,39723,0.46,2960,455856,7599,-4639,-61.05,452896,2960,0.65
2020-11-27,India,41353,486,41177,43174,-1821,-4.22,9350507,9309154,41353,0.44,491,-5,-1.02,136242,135756,486,0.36,39723,1454,3.66,8758719,8717542,41177,0.47,-310,455546,2960,-3270,-110.47,455856,-310,-0.07
2020-11-28,India,41815,495,42275,41353,462,1.12,9392322,9350507,41815,0.45,486,9,1.85,136737,136242,495,0.36,41177,1098,2.67,8800994,8758719,42275,0.48,-955,454591,-310,-645,0.0,455546,-955,-0.21
2020-11-29,India,39036,444,45152,41815,-2779,-6.65,9431358,9392322,39036,0.42,495,-51,-10.3,137181,136737,444,0.32,42275,2877,6.81,8846146,8800994,45152,0.51,-6560,448031,-955,-5605,0.0,454591,-6560,-1.44
2020-11-30,India,31179,482,42282,39036,-7857,-20.13,9462537,9431358,31179,0.33,444,38,8.56,137663,137181,482,0.35,45152,-2870,-6.36,8888428,8846146,42282,0.48,-11585,436446,-6560,-5025,0.0,448031,-11585,-2.59
2020-12-01,India,36474,501,43208,31179,5295,16.98,9499011,9462537,36474,0.39,482,19,3.94,138164,137663,501,0.36,42282,926,2.19,8931636,8888428,43208,0.49,-7235,429211,-11585,4350,0.0,436446,-7235,-1.66
2020-12-02,India,35506,526,40908,36474,-968,-2.65,9534517,9499011,35506,0.37,501,25,4.99,138690,138164,526,0.38,43208,-2300,-5.32,8972544,8931636,40908,0.46,-5928,423283,-7235,1307,0.0,429211,-5928,-1.38
2020-12-03,India,36574,541,42991,35506,1068,3.01,9571091,9534517,36574,0.38,526,15,2.85,139231,138690,541,0.39,40908,2083,5.09,9015535,8972544,42991,0.48,-6958,416325,-5928,-1030,0.0,423283,-6958,-1.64
2020-12-04,India,36711,511,42359,36574,137,0.37,9607802,9571091,36711,0.38,541,-30,-5.55,139742,139231,511,0.37,42991,-632,-1.47,9057894,9015535,42359,0.47,-6159,410166,-6958,799,0.0,416325,-6159,-1.48
2020-12-05,India,36010,482,41885,36711,-701,-1.91,9643812,9607802,36010,0.37,511,-29,-5.68,140224,139742,482,0.34,42359,-474,-1.12,9099779,9057894,41885,0.46,-6357,403809,-6159,-198,0.0,410166,-6357,-1.55
2020-12-06,India,33178,390,39078,36010,-2832,-7.86,9676990,9643812,33178,0.34,482,-92,-19.09,140614,140224,390,0.28,41885,-2807,-6.7,9138857,9099779,39078,0.43,-6290,397519,-6357,67,0.0,403809,-6290,-1.56
2020-12-07,India,26227,386,39293,33178,-6951,-20.95,9703217,9676990,26227,0.27,390,-4,-1.03,141000,140614,386,0.27,39078,215,0.55,9178150,9138857,39293,0.43,-13452,384067,-6290,-7162,0.0,397519,-13452,-3.38
2020-12-08,India,32083,402,36583,26227,5856,22.33,9735300,9703217,32083,0.33,386,16,4.15,141402,141000,402,0.29,39293,-2710,-6.9,9214733,9178150,36583,0.4,-4902,379165,-13452,8550,0.0,384067,-4902,-1.28
2020-12-09,India,31623,412,37680,32083,-460,-1.43,9766923,9735300,31623,0.32,402,10,2.49,141814,141402,412,0.29,36583,1097,3.0,9252413,9214733,37680,0.41,-6469,372696,-4902,-1567,0.0,379165,-6469,-1.71
2020-12-10,India,29359,411,37610,31637,-2278,-7.2,9796282,9766923,29359,0.3,413,-2,-0.48,142225,141814,411,0.29,37693,-83,-0.22,9290023,9252413,37610,0.41,-8662,364034,-6469,-2193,0.0,372696,-8662,-2.32
2020-12-11,India,29961,442,33492,29411,550,1.87,9826243,9796282,29961,0.31,411,31,7.54,142667,142225,442,0.31,37707,-4215,-11.18,9323515,9290023,33492,0.36,-3973,360061,-8662,4689,0.0,364034,-3973,-1.09
2020-12-12,India,30354,391,33087,29961,393,1.31,9856597,9826243,30354,0.31,442,-51,-11.54,143058,142667,391,0.27,33492,-405,-1.21,9356602,9323515,33087,0.35,-3124,356937,-3973,849,0.0,360061,-3124,-0.87
2020-12-13,India,27336,338,30640,30354,-3018,-9.94,9883933,9856597,27336,0.28,391,-53,-13.55,143396,143058,338,0.24,33087,-2447,-7.4,9387242,9356602,30640,0.33,-3642,353295,-3124,-518,0.0,356937,-3642,-1.02
2020-12-14,India,21941,354,34421,27336,-5395,-19.74,9905874,9883933,21941,0.22,338,16,4.73,143750,143396,354,0.25,30640,3781,12.34,9421663,9387242,34421,0.37,-12834,340461,-3642,-9192,0.0,353295,-12834,-3.63
2020-12-15,India,26251,384,33853,21941,4310,19.64,9932125,9905874,26251,0.27,354,30,8.47,144134,143750,384,0.27,34421,-568,-1.65,9455516,9421663,33853,0.36,-7986,332475,-12834,4848,0.0,340461,-7986,-2.35
2020-12-16,India,18172,356,33360,26251,-8079,-30.78,9950297,9932125,18172,0.18,384,-28,-7.29,144490,144134,356,0.25,33853,-493,-1.46,9488876,9455516,33360,0.35,-15544,316931,-7986,-7558,0.0,332475,-15544,-4.68
2020-12-17,India,26754,342,30891,18172,8582,47.23,9977051,9950297,26754,0.27,356,-14,-3.93,144832,144490,342,0.24,33360,-2469,-7.4,9519767,9488876,30891,0.33,-4479,312452,-15544,11065,0.0,316931,-4479,-1.41
2020-12-18,India,26991,342,29879,26754,237,0.89,10004042,9977051,26991,0.27,342,0,0.0,145174,144832,342,0.24,30891,-1012,-3.28,9549646,9519767,29879,0.31,-3230,309222,-4479,1249,0.0,312452,-3230,-1.03
2020-12-19,India,26834,342,29758,26991,-157,-0.58,10030876,10004042,26834,0.27,342,0,0.0,145516,145174,342,0.24,29879,-121,-0.4,9579404,9549646,29758,0.31,-3266,305956,-3230,-36,0.0,309222,-3266,-1.06
2020-12-20,India,24622,332,25734,26834,-2212,-8.24,10055498,10030876,24622,0.25,342,-10,-2.92,145848,145516,332,0.23,29758,-4024,-13.52,9605138,9579404,25734,0.27,-1444,304512,-3266,1822,0.0,305956,-1444,-0.47
2020-12-21,India,19147,302,30250,24622,-5475,-22.24,10074645,10055498,19147,0.19,332,-30,-9.04,146150,145848,302,0.21,25734,4516,17.55,9635388,9605138,30250,0.31,-11405,293107,-1444,-9961,0.0,304512,-11405,-3.75
2020-12-22,India,23880,329,27032,19147,4733,24.72,10098525,10074645,23880,0.24,302,27,8.94,146479,146150,329,0.23,30250,-3218,-10.64,9662420,9635388,27032,0.28,-3481,289626,-11405,7924,0.0,293107,-3481,-1.19
2020-12-23,India,24716,315,29946,23880,836,3.5,10123241,10098525,24716,0.24,329,-14,-4.26,146794,146479,315,0.22,27032,2914,10.78,9692366,9662420,29946,0.31,-5545,284081,-3481,-2064,0.0,289626,-5545,-1.91
2020-12-24,India,23444,337,24555,24716,-1272,-5.15,10146685,10123241,23444,0.23,315,22,6.98,147131,146794,337,0.23,29946,-5391,-18.0,9716921,9692366,24555,0.25,-1448,282633,-5545,4097,0.0,284081,-1448,-0.51
2020-12-25,India,22349,251,22184,23444,-1095,-4.67,10169034,10146685,22349,0.22,337,-86,-25.52,147382,147131,251,0.17,24555,-2371,-9.66,9739105,9716921,22184,0.23,-86,282547,-1448,1362,0.0,282633,-86,-0.03
2020-12-26,India,18575,280,21466,22349,-3774,-16.89,10187609,10169034,18575,0.18,251,29,11.55,147662,147382,280,0.19,22184,-718,-3.24,9760571,9739105,21466,0.22,-3171,279376,-86,-3085,0.0,282547,-3171,-1.12
2020-12-27,India,20333,281,21097,18575,1758,9.46,10207942,10187609,20333,0.2,280,1,0.36,147943,147662,281,0.19,21466,-369,-1.72,9781668,9760571,21097,0.22,-1045,278331,-3171,2126,0.0,279376,-1045,-0.37
2020-12-28,India,16072,250,24822,20333,-4261,-20.96,10224014,10207942,16072,0.16,281,-31,-11.03,148193,147943,250,0.17,21097,3725,17.66,9806490,9781668,24822,0.25,-9000,269331,-1045,-7955,0.0,278331,-9000,-3.23
2020-12-29,India,20542,285,26589,16072,4470,27.81,10244556,10224014,20542,0.2,250,35,14.0,148478,148193,285,0.19,24822,1767,7.12,9833079,9806490,26589,0.27,-6332,262999,-9000,2668,0.0,269331,-6332,-2.35
2020-12-30,India,21944,299,26406,20542,1402,6.83,10266500,10244556,21944,0.21,285,14,4.91,148777,148478,299,0.2,26589,-183,-0.69,9859485,9833079,26406,0.27,-4761,258238,-6332,1571,0.0,262999,-4761,-1.81
2020-12-31,India,19045,244,22023,21945,-2900,-13.21,10285545,10266500,19045,0.19,299,-55,-18.39,149021,148777,244,0.16,26407,-4384,-16.6,9881508,9859485,22023,0.22,-3222,255016,-4761,1539,0.0,258238,-3222,-1.25
2021-01-01,India,20159,237,23838,19026,1133,5.96,10305704,10285545,20159,0.2,244,-7,-2.87,149258,149021,237,0.16,21969,1869,8.51,9905346,9881508,23838,0.24,-3916,251100,-3222,-694,0.0,255016,-3916,-1.54
2021-01-02,India,18144,216,20903,20159,-2015,-10.0,10323848,10305704,18144,0.18,237,-21,-8.86,149474,149258,216,0.14,23838,-2935,-12.31,9926249,9905346,20903,0.21,-2975,248125,-3916,941,0.0,251100,-2975,-1.18
2021-01-03,India,16678,215,19658,18144,-1466,-8.08,10340526,10323848,16678,0.16,216,-1,-0.46,149689,149474,215,0.14,20903,-1245,-5.96,9945907,9926249,19658,0.2,-3195,244930,-2975,-220,0.0,248125,-3195,-1.29
2021-01-04,India,16278,200,29209,16678,-400,-2.4,10356804,10340526,16278,0.16,215,-15,-6.98,149889,149689,200,0.13,19658,9551,48.59,9975116,9945907,29209,0.29,-13131,231799,-3195,-9936,0.0,244930,-13131,-5.36
2021-01-05,India,17909,265,21161,16278,1631,10.02,10374713,10356804,17909,0.17,200,65,32.5,150154,149889,265,0.18,29209,-8048,-27.55,9996277,9975116,21161,0.21,-3517,228282,-13131,9614,0.0,231799,-3517,-1.52
2021-01-06,India,20472,222,19689,17909,2563,14.31,10395185,10374713,20472,0.2,265,-43,-16.23,150376,150154,222,0.15,21161,-1472,-6.96,10015966,9996277,19689,0.2,561,228843,-3517,4078,0.0,228282,561,0.25
2021-01-07,India,18123,233,20503,20472,-2349,-11.47,10413308,10395185,18123,0.17,222,11,4.95,150609,150376,233,0.15,19689,814,4.13,10036469,10015966,20503,0.2,-2613,226230,561,-3174,-565.78,228843,-2613,-1.14
2021-01-08,India,18453,229,19242,18123,330,1.82,10431761,10413308,18453,0.18,233,-4,-1.72,150838,150609,229,0.15,20503,-1261,-6.15,10055711,10036469,19242,0.19,-1018,225212,-2613,1595,0.0,226230,-1018,-0.45
2021-01-09,India,18820,213,19460,18453,367,1.99,10450581,10431761,18820,0.18,229,-16,-6.99,151051,150838,213,0.14,19242,218,1.13,10075171,10055711,19460,0.19,-853,224359,-1018,165,0.0,225212,-853,-0.38
2021-01-10,India,16086,150,16737,18820,-2734,-14.53,10466667,10450581,16086,0.15,213,-63,-29.58,151201,151051,150,0.1,19460,-2723,-13.99,10091908,10075171,16737,0.17,-801,223558,-853,52,0.0,224359,-801,-0.36
2021-01-11,India,12481,166,18578,16086,-3605,-22.41,10479148,10466667,12481,0.12,150,16,10.67,151367,151201,166,0.11,16737,1841,11.0,10110486,10091908,18578,0.18,-6263,217295,-801,-5462,0.0,223558,-6263,-2.8
2021-01-12,India,15903,200,17762,12481,3422,27.42,10495051,10479148,15903,0.15,166,34,20.48,151567,151367,200,0.13,18578,-816,-4.39,10128248,10110486,17762,0.18,-2059,215236,-6263,4204,0.0,217295,-2059,-0.95
2021-01-13,India,17015,201,17797,15903,1112,6.99,10512066,10495051,17015,0.16,200,1,0.5,151768,151567,201,0.13,17762,35,0.2,10146045,10128248,17797,0.18,-983,214253,-2059,1076,0.0,215236,-983,-0.46
2021-01-14,India,15677,189,15943,17015,-1338,-7.86,10527743,10512066,15677,0.15,201,-12,-5.97,151957,151768,189,0.12,17797,-1854,-10.42,10161988,10146045,15943,0.16,-455,213798,-983,528,0.0,214253,-455,-0.21
2021-01-15,India,15155,176,16809,15677,-522,-3.33,10542898,10527743,15155,0.14,189,-13,-6.88,152133,151957,176,0.12,15943,866,5.43,10178797,10161988,16809,0.17,-1830,211968,-455,-1375,0.0,213798,-1830,-0.86
2021-01-16,India,15050,181,17202,15155,-105,-0.69,10557948,10542898,15050,0.14,176,5,2.84,152314,152133,181,0.12,16809,393,2.34,10195999,10178797,17202,0.17,-2333,209635,-1830,-503,0.0,211968,-2333,-1.1
2021-01-17,India,13962,145,14513,15050,-1088,-7.23,10571910,10557948,13962,0.13,181,-36,-19.89,152459,152314,145,0.1,17202,-2689,-15.63,10210512,10195999,14513,0.14,-696,208939,-2333,1637,0.0,209635,-696,-0.33
2021-01-18,India,9987,137,17127,13962,-3975,-28.47,10581897,10571910,9987,0.09,145,-8,-5.52,152596,152459,137,0.09,14513,2614,18.01,10227639,10210512,17127,0.17,-7277,201662,-696,-6581,0.0,208939,-7277,-3.48
2021-01-19,India,13787,162,17229,9987,3800,38.05,10595684,10581897,13787,0.13,137,25,18.25,152758,152596,162,0.11,17127,102,0.6,10244868,10227639,17229,0.17,-3604,198058,-7277,3673,0.0,201662,-3604,-1.79
2021-01-20,India,15279,152,20071,13787,1492,10.82,10610963,10595684,15279,0.14,162,-10,-6.17,152910,152758,152,0.1,17229,2842,16.5,10264939,10244868,20071,0.2,-4944,193114,-3604,-1340,0.0,198058,-4944,-2.5
2021-01-21,India,14495,161,17734,15279,-784,-5.13,10625458,10610963,14495,0.14,152,9,5.92,153071,152910,161,0.11,20071,-2337,-11.64,10282673,10264939,17734,0.17,-3400,189714,-4944,1544,0.0,193114,-3400,-1.76
2021-01-22,India,14323,153,17166,14495,-172,-1.19,10639781,10625458,14323,0.13,161,-8,-4.97,153224,153071,153,0.1,17734,-568,-3.2,10299839,10282673,17166,0.17,-2996,186718,-3400,404,0.0,189714,-2996,-1.58
2021-01-23,India,14896,156,16033,14323,573,4.0,10654677,10639781,14896,0.14,153,3,1.96,153380,153224,156,0.1,17166,-1133,-6.6,10315872,10299839,16033,0.16,-1293,185425,-2996,1703,0.0,186718,-1293,-0.69
2021-01-24,India,13232,131,13148,14896,-1664,-11.17,10667909,10654677,13232,0.12,156,-25,-16.03,153511,153380,131,0.09,16033,-2885,-17.99,10329020,10315872,13148,0.13,-47,185378,-1293,1246,0.0,185425,-47,-0.03
2021-01-25,India,9098,116,16092,13232,-4134,-31.24,10677007,10667909,9098,0.09,131,-15,-11.45,153627,153511,116,0.08,13148,2944,22.39,10345112,10329020,16092,0.16,-7110,178268,-47,-7063,0.0,185378,-7110,-3.84
2021-01-26,India,12733,138,13250,9098,3635,39.95,10689740,10677007,12733,0.12,116,22,18.97,153765,153627,138,0.09,16092,-2842,-17.66,10358362,10345112,13250,0.13,-655,177613,-7110,6455,0.0,178268,-655,-0.37
2021-01-27,India,11556,123,14261,12733,-1177,-9.24,10701296,10689740,11556,0.11,138,-15,-10.87,153888,153765,123,0.08,13250,1011,7.63,10372623,10358362,14261,0.14,-2828,174785,-655,-2173,0.0,177613,-2828,-1.59
2021-01-28,India,18912,162,20315,11556,7356,63.66,10720208,10701296,18912,0.18,123,39,31.71,154050,153888,162,0.11,14261,6054,42.45,10392938,10372623,20315,0.2,-1565,173220,-2828,1263,0.0,174785,-1565,-0.9
2021-01-29,India,13054,137,14886,18912,-5858,-30.98,10733262,10720208,13054,0.12,162,-25,-15.43,154187,154050,137,0.09,20315,-5429,-26.72,10407824,10392938,14886,0.14,-1969,171251,-1565,-404,0.0,173220,-1969,-1.14
2021-01-30,India,13073,128,14077,13054,19,0.15,10746335,10733262,13073,0.12,137,-9,-6.57,154315,154187,128,0.08,14886,-809,-5.43,10421901,10407824,14077,0.14,-1132,170119,-1969,837,0.0,171251,-1132,-0.66
2021-01-31,India,11527,116,11882,13073,-1546,-11.83,10757862,10746335,11527,0.11,128,-12,-9.38,154431,154315,116,0.08,14077,-2195,-15.59,10433783,10421901,11882,0.11,-471,169648,-1132,661,0.0,170119,-471,-0.28
2021-02-01,India,8579,94,13443,11527,-2948,-25.57,10766441,10757862,8579,0.08,116,-22,-18.97,154525,154431,94,0.06,11882,1561,13.14,10447226,10433783,13443,0.13,-4958,164690,-471,-4487,0.0,169648,-4958,-2.92
2021-02-02,India,11001,113,14250,8579,2422,28.23,10777442,10766441,11001,0.1,94,19,20.21,154638,154525,113,0.07,13443,807,6.0,10461476,10447226,14250,0.14,-3362,161328,-4958,1596,0.0,164690,-3362,-2.04
2021-02-03,India,12925,107,17813,11001,1924,17.49,10790367,10777442,12925,0.12,113,-6,-5.31,154745,154638,107,0.07,14250,3563,25.0,10479289,10461476,17813,0.17,-4995,156333,-3362,-1633,0.0,161328,-4995,-3.1
2021-02-04,India,12401,120,15788,12925,-524,-4.05,10802768,10790367,12401,0.11,107,13,12.15,154865,154745,120,0.08,17813,-2025,-11.37,10495077,10479289,15788,0.15,-3507,152826,-4995,1488,0.0,156333,-3507,-2.24
2021-02-05,India,11711,95,14512,12401,-690,-5.56,10814479,10802768,11711,0.11,120,-25,-20.83,154960,154865,95,0.06,15788,-1276,-8.08,10509589,10495077,14512,0.14,-2896,149930,-3507,611,0.0,152826,-2896,-1.89
2021-02-06,India,12069,75,11761,11711,358,3.06,10826548,10814479,12069,0.11,95,-20,-21.05,155035,154960,75,0.05,14512,-2751,-18.96,10521350,10509589,11761,0.11,233,150163,-2896,3129,0.0,149930,233,0.16
2021-02-07,India,11786,86,11756,12069,-283,-2.34,10838334,10826548,11786,0.11,75,11,14.67,155121,155035,86,0.06,11761,-5,-0.04,10533106,10521350,11756,0.11,-56,150107,233,-289,-124.03,150163,-56,-0.04
2021-02-08,India,8715,78,13600,11786,-3071,-26.06,10847049,10838334,8715,0.08,86,-8,-9.3,155199,155121,78,0.05,11756,1844,15.69,10546706,10533106,13600,0.13,-4963,145144,-56,-4907,0.0,150107,-4963,-3.31
2021-02-09,India,10731,94,12928,8715,2016,23.13,10857780,10847049,10731,0.1,78,16,20.51,155293,155199,94,0.06,13600,-672,-4.94,10559634,10546706,12928,0.12,-2291,142853,-4963,2672,0.0,145144,-2291,-1.58
2021-02-10,India,12539,110,11796,10731,1808,16.85,10870319,10857780,12539,0.12,94,16,17.02,155403,155293,110,0.07,12928,-1132,-8.76,10571430,10559634,11796,0.11,633,143486,-2291,2924,0.0,142853,633,0.44
2021-02-11,India,9353,85,15722,12539,-3186,-25.41,10879672,10870319,9353,0.09,110,-25,-22.73,155488,155403,85,0.05,11796,3926,33.28,10587152,10571430,15722,0.15,-6454,137032,633,-7087,-1119.59,143486,-6454,-4.5
2021-02-12,India,12137,104,11358,9353,2784,29.77,10891809,10879672,12137,0.11,85,19,22.35,155592,155488,104,0.07,15722,-4364,-27.76,10598510,10587152,11358,0.11,675,137707,-6454,7129,0.0,137032,675,0.49
2021-02-13,India,12198,89,11107,12137,61,0.5,10904007,10891809,12198,0.11,104,-15,-14.42,155681,155592,89,0.06,11358,-251,-2.21,10609617,10598510,11107,0.1,1002,138709,675,327,48.44,137707,1002,0.73
2021-02-14,India,11706,91,9500,12198,-492,-4.03,10915713,10904007,11706,0.11,89,2,2.25,155772,155681,91,0.06,11107,-1607,-14.47,10619117,10609617,9500,0.09,2115,140824,1002,1113,111.08,138709,2115,1.52
2021-02-15,India,9086,82,11793,11706,-2620,-22.38,10924799,10915713,9086,0.08,91,-9,-9.89,155854,155772,82,0.05,9500,2293,24.14,10630910,10619117,11793,0.11,-2789,138035,2115,-4904,-231.87,140824,-2789,-1.98
2021-02-16,India,11592,99,11836,9086,2506,27.58,10936391,10924799,11592,0.11,82,17,20.73,155953,155854,99,0.06,11793,43,0.36,10642746,10630910,11836,0.11,-343,137692,-2789,2446,0.0,138035,-343,-0.25
2021-02-17,India,12862,100,12028,11592,1270,10.96,10949253,10936391,12862,0.12,99,1,1.01,156053,155953,100,0.06,11836,192,1.62,10654774,10642746,12028,0.11,734,138426,-343,1077,0.0,137692,734,0.53
2021-02-18,India,13237,100,10914,12862,375,2.92,10962490,10949253,13237,0.12,100,0,0.0,156153,156053,100,0.06,12028,-1114,-9.26,10665688,10654774,10914,0.1,2223,140649,734,1489,202.86,138426,2223,1.61
2021-02-19,India,13916,100,10214,13237,679,5.13,10976406,10962490,13916,0.13,100,0,0.0,156253,156153,100,0.06,10914,-700,-6.41,10675902,10665688,10214,0.1,3602,144251,2223,1379,62.03,140649,3602,2.56
2021-02-20,India,13919,89,11413,13916,3,0.02,10990325,10976406,13919,0.13,100,-11,-11.0,156342,156253,89,0.06,10214,1199,11.74,10687315,10675902,11413,0.11,2417,146668,3602,-1185,-32.9,144251,2417,1.68
2021-02-21,India,14278,83,9715,13919,359,2.58,11004603,10990325,14278,0.13,89,-6,-6.74,156425,156342,83,0.05,11413,-1698,-14.88,10697030,10687315,9715,0.09,4480,151148,2417,2063,85.35,146668,4480,3.05
2021-02-22,India,10494,76,13233,14278,-3784,-26.5,11015097,11004603,10494,0.1,83,-7,-8.43,156501,156425,76,0.05,9715,3518,36.21,10710263,10697030,13233,0.12,-2815,148333,4480,-7295,-162.83,151148,-2815,-1.86
2021-02-23,India,13682,103,13969,10494,3188,30.38,11028779,11015097,13682,0.12,76,27,35.53,156604,156501,103,0.07,13233,736,5.56,10724232,10710263,13969,0.13,-390,147943,-2815,2425,0.0,148333,-390,-0.26
2021-02-24,India,16930,141,12100,13682,3248,23.74,11045709,11028779,16930,0.15,103,38,36.89,156745,156604,141,0.09,13969,-1869,-13.38,10736332,10724232,12100,0.11,4689,152632,-390,5079,0.0,147943,4689,3.17
2021-02-25,India,16599,119,12222,16930,-331,-1.96,11062308,11045709,16599,0.15,141,-22,-15.6,156864,156745,119,0.08,12100,122,1.01,10748554,10736332,12222,0.11,4258,156890,4689,-431,-9.19,152632,4258,2.79
2021-02-26,India,16442,112,12676,16599,-157,-0.95,11078750,11062308,16442,0.15,119,-7,-5.88,156976,156864,112,0.07,12222,454,3.71,10761230,10748554,12676,0.12,3654,160544,4258,-604,-14.19,156890,3654,2.33
